[{"scene_id": 0, "image_id": 0, "category_id": 1, "bbox": [156, 46, 59, 50], "score": 0.05331175774335861, "time": 0.0, "segmentation": {"counts": [74949, 5, 471, 12, 466, 16, 462, 20, 459, 22, 457, 24, 454, 28, 451, 30, 449, 32, 447, 34, 446, 34, 445, 36, 443, 38, 441, 40, 440, 40, 439, 42, 438, 42, 437, 44, 436, 44, 435, 46, 434, 46, 433, 48, 432, 48, 432, 48, 432, 49, 430, 50, 430, 50, 430, 50, 430, 51, 429, 51, 429, 51, 429, 51, 429, 51, 429, 51, 429, 51, 429, 50, 430, 50, 430, 50, 430, 50, 430, 50, 430, 49, 431, 49, 431, 49, 431, 48, 432, 48, 433, 46, 434, 45, 435, 45, 436, 43, 438, 41, 439, 40, 441, 38, 442, 37, 444, 35, 446, 33, 448, 30, 451, 27, 455, 23, 458, 18, 465, 12, 203928], "size": [480, 640]}, "R": [[-0.4123542904853821, -0.6589146852493286, 0.6291221976280212], [-0.5090413093566895, 0.7393538355827332, 0.4407178461551666], [-0.7555395364761353, -0.13851739466190338, -0.6402909755706787]], "t": [-273.9383239746094, -357.6218566894531, 1182.708251953125]}, {"scene_id": 0, "image_id": 0, "category_id": 1, "bbox": [122, 119, 44, 55], "score": 0.22698961198329926, "time": 0.0, "segmentation": {"counts": [58697, 5, 472, 11, 466, 16, 462, 19, 460, 21, 458, 23, 456, 25, 454, 26, 453, 28, 451, 29, 451, 30, 449, 32, 448, 33, 447, 33, 446, 35, 445, 36, 444, 37, 442, 38, 442, 39, 441, 40, 440, 41, 438, 43, 437, 45, 435, 46, 434, 49, 431, 52, 428, 54, 427, 54, 426, 54, 426, 54, 426, 55, 426, 54, 426, 53, 428, 52, 428, 52, 429, 51, 429, 51, 430, 49, 432, 48, 432, 47, 435, 45, 437, 42, 441, 38, 446, 33, 452, 26, 227353], "size": [480, 640]}, "R": [[0.42090073227882385, 0.9059064388275146, 0.046641260385513306], [-0.8512734174728394, 0.3767111301422119, 0.36527061462402344], [0.3133310079574585, -0.193447083234787, 0.9297323226928711]], "t": [-374.73046875, -187.49179077148438, 1252.75390625]}, {"scene_id": 0, "image_id": 0, "category_id": 1, "bbox": [376, 227, 59, 89], "score": 0.6894339323043823, "time": 0.0, "segmentation": {"counts": [180758, 16, 451, 31, 440, 42, 3, 8, 423, 58, 417, 64, 412, 69, 408, 73, 405, 76, 402, 79, 400, 80, 399, 81, 399, 82, 397, 83, 396, 84, 396, 84, 396, 84, 395, 86, 394, 86, 393, 87, 393, 86, 394, 86, 394, 85, 395, 84, 396, 84, 396, 82, 398, 81, 399, 81, 399, 80, 400, 80, 400, 80, 400, 80, 401, 79, 401, 79, 401, 79, 401, 79, 402, 77, 402, 78, 402, 78, 401, 79, 399, 80, 399, 81, 399, 80, 400, 79, 401, 79, 401, 78, 402, 77, 404, 5, 1, 70, 411, 67, 415, 64, 416, 63, 418, 61, 420, 58, 423, 55, 426, 51, 430, 45, 436, 36, 446, 31, 450, 28, 457, 20, 467, 11, 98131], "size": [480, 640]}, "R": [[0.9528261423110962, 0.2982645332813263, -0.05621661618351936], [0.2359214425086975, -0.8443395495414734, -0.48107367753982544], [-0.1909530758857727, 0.44511690735816956, -0.8748758435249329]], "t": [135.9224090576172, 44.770442962646484, 970.7808837890625]}, {"scene_id": 0, "image_id": 0, "category_id": 1, "bbox": [345, 128, 56, 61], "score": 0.2962661385536194, "time": 0.0, "segmentation": {"counts": [165739, 6, 473, 9, 469, 13, 466, 16, 462, 20, 459, 23, 456, 25, 455, 27, 453, 29, 450, 31, 448, 34, 446, 35, 445, 37, 443, 38, 441, 40, 440, 42, 438, 43, 437, 45, 435, 46, 434, 48, 432, 49, 431, 52, 428, 53, 427, 55, 425, 57, 424, 57, 424, 57, 425, 56, 425, 56, 425, 56, 425, 55, 426, 54, 426, 48, 433, 44, 437, 41, 439, 40, 441, 38, 443, 36, 445, 34, 448, 31, 451, 28, 453, 26, 456, 24, 457, 22, 460, 20, 461, 19, 462, 17, 464, 15, 466, 14, 467, 13, 468, 11, 470, 10, 470, 10, 471, 9, 472, 8, 473, 7, 475, 5, 114552], "size": [480, 640]}, "R": [[0.8332011699676514, 0.44225069880485535, 0.33194804191589355], [0.08128932118415833, -0.6917387247085571, 0.7175577282905579], [0.546962320804596, -0.5708863735198975, -0.6123082041740417]], "t": [104.04850006103516, -109.36053466796875, 995.5345458984375]}, {"scene_id": 0, "image_id": 0, "category_id": 1, "bbox": [108, 134, 16, 14], "score": 0.19775192439556122, "time": 0.0, "segmentation": {"counts": [51980, 2, 475, 8, 471, 10, 470, 11, 469, 12, 467, 13, 467, 14, 465, 15, 465, 15, 465, 15, 466, 14, 466, 14, 466, 14, 466, 14, 467, 13, 470, 10, 476, 4, 247531], "size": [480, 640]}, "R": [[-0.24943792819976807, 0.8573602437973022, 0.4502367377281189], [0.8880530595779419, 0.017105787992477417, 0.4594224989414215], [0.38618898391723633, 0.5144319534301758, -0.7656484842300415]], "t": [-423.16864013671875, -240.93666076660156, 1181.6519775390625]}, {"scene_id": 0, "image_id": 0, "category_id": 1, "bbox": [376, 183, 59, 133], "score": 0.5526158809661865, "time": 0.0, "segmentation": {"counts": [180758, 16, 451, 30, 9, 3, 428, 42, 3, 10, 422, 59, 415, 66, 410, 71, 407, 74, 404, 76, 402, 79, 400, 80, 399, 59, 1, 22, 398, 82, 397, 83, 396, 85, 394, 86, 394, 86, 394, 86, 394, 86, 393, 87, 393, 87, 393, 86, 394, 85, 395, 85, 395, 84, 396, 83, 397, 82, 398, 81, 399, 77, 403, 77, 403, 79, 401, 80, 401, 79, 401, 79, 401, 79, 353, 7, 41, 78, 354, 7, 41, 78, 358, 3, 41, 78, 402, 78, 401, 78, 370, 1, 30, 79, 369, 3, 28, 80, 399, 80, 400, 79, 401, 79, 401, 78, 402, 78, 403, 76, 406, 2, 3, 68, 414, 65, 415, 63, 418, 61, 420, 59, 422, 55, 425, 53, 429, 47, 434, 37, 445, 31, 451, 26, 458, 20, 467, 11, 98131], "size": [480, 640]}, "R": [[0.9494338035583496, 0.3098599910736084, -0.05061979219317436], [0.248592808842659, -0.8403850197792053, -0.4816167950630188], [-0.19177381694316864, 0.44467923045158386, -0.874919056892395]], "t": [135.90675354003906, 44.63687515258789, 970.6939697265625]}]